Completed,100,OK
RS0171824,f0171824,Back,16,0.02458;0.02018;-0.99949;-0.06677;0.01547;0.99967;0.02056;0.04990;0.99958;-0.01597;0.02426;-0.09267;0.00000;0.00000;0.00000;1.00000
RS1371908,f1371908,Left,16,0.06735;-0.99605;-0.05785;-0.12506;0.99702;0.06500;0.04155;-0.05050;-0.03762;-0.06047;0.99746;-0.04397;0.00000;0.00000;0.00000;1.00000
RS1371513,f1371513,Right,16,-0.15352;0.98717;-0.04388;0.09604;-0.98320;-0.14817;0.10657;-0.09799;0.09870;0.05950;0.99334;-0.05195;0.00000;0.00000;0.00000;1.00000
